# Created by Octave 4.2.1, Tue Sep 26 11:04:10 2017 CEST <michael@yosemite>
# name: lb_ub
# type: matrix
# rows: 9
# columns: 2
 0.2 0.4
 0.95 1
 0.01 0.1
 0 5
 0 1
 0 0.1
 0 1
 0 0.1
 0.25 0.375


