# Created by Octave 4.0.2, Fri May 13 19:35:37 2016 CEST <michael@pelican>
# name: thetahatsLC
# type: matrix
# rows: 100
# columns: 9
 0.3291861208482862 0.9908095458384981 0.02438714730325989 2.065041441910554 0.8724766703331441 0.0209472772979299 0.6831805075241267 0.009256779655919705 0.336941164787575
 0.3258431709793778 0.9926791792720298 0.02495605716862833 2.034055789337664 0.8710285801380139 0.02274423004961797 0.7094806918313976 0.01105914455501676 0.3291166413482653
 0.3318204845535816 0.9891247192842306 0.02283903004980091 1.916063042248881 0.8897683436479786 0.01896210166188021 0.7160630313241483 0.009621337970798222 0.3335575147117089
 0.3252709949277454 0.989884662464387 0.02461433332406622 2.146067129362942 0.9203032694303162 0.02016158228149552 0.632215992740824 0.0118955875320178 0.3280919657570804
 0.3304783895597594 0.991281791970407 0.0253032654282694 2.159279464368747 0.9126083834277733 0.02207642153237165 0.7232789247438947 0.009342874417368719 0.3346574441893382
 0.329700673056965 0.9880717244098183 0.02191004925124983 1.847455442998595 0.887861920447971 0.01823943190629309 0.8783115637317259 0.01066901588267298 0.3311821893951121
 0.3319609567011925 0.9902555605120726 0.02447171531253468 2.04520771347696 0.9295472632957639 0.02274408609044491 0.7133373364399083 0.008299550655547227 0.3360617472285499
 0.3305107081570574 0.9914192358134355 0.02570415722559567 2.113194620533432 0.9037776992578481 0.02065837664005751 0.7161299562041945 0.01482121207135957 0.3375390912093996
 0.3286206601662155 0.9906799086385107 0.02355091999274415 1.855344372418083 0.9000408300834055 0.01593997306748551 0.738168523181099 0.01212042402270936 0.3370874144631161
 0.3269546287679806 0.9925090451283489 0.02486173919819409 2.051023335327872 0.8824246642381549 0.02037405414866689 0.7033388903240788 0.006072292683679026 0.3318693284127039
 0.3348066419694674 0.989656287938625 0.0261989658388595 2.067097121524086 0.8901051429418376 0.01768120130334465 0.633758646221195 0.009231720779012154 0.3398052058519266
 0.3306244494892977 0.9910400862211943 0.02339030333438232 2.066679472127809 0.871873798860753 0.02127909593559968 0.7208116660773178 0.007528618172153501 0.3353306800340196
 0.3292059707443519 0.9894955026891422 0.02440569809739048 2.111416395144813 0.8852351228164944 0.01922772208865675 0.7233168769531877 0.01020318825067134 0.332787403010026
 0.3294482259666763 0.9916297757127098 0.02683464405877031 2.155177723369325 0.9306482218201102 0.0235924011777526 0.7018534118209396 0.01419090847715319 0.3429004398012753
 0.3272160770590558 0.9882914124955604 0.0226047525909287 2.079790444304479 0.8758655259205703 0.01777870596344002 0.7480793546821184 0.01339582174571539 0.3323034098336664
 0.3307934628535699 0.9901483596534865 0.02517063312275978 2.114241665729482 0.8778470949528367 0.02358195033861515 0.7099577663474537 0.008296832375122725 0.3339026946892983
 0.3267814024458819 0.9912659660160628 0.02541698249536973 1.650322834091635 0.9098832907534505 0.01911684232694916 0.7507051730136604 0.01223339970921456 0.3354116232408925
 0.3301482118804239 0.9908199314899289 0.02594226459175389 2.025319726376297 0.9387539464661218 0.0204718079634857 0.6687977212677194 0.00821086500978355 0.3377870625790435
 0.3312197714721573 0.9914476382587131 0.02428797184661489 1.885990254993934 0.9007928877248935 0.01911262025472907 0.6996339959192713 0.009589984365626131 0.3343421399223909
 0.3339457931712323 0.9919119154199818 0.02517876077786057 2.026081326473828 0.8987544625176702 0.02679317970512415 0.7123017134959438 0.008576556243491873 0.3379446872423512
 0.3271085205139121 0.9911510996957191 0.02539088102701577 2.152365848259683 0.8767848584203185 0.02637797756708489 0.7136076153121027 0.009639568161273298 0.3381513401513281
 0.325104525156398 0.9894883521736887 0.02378250434694261 2.192995635815835 0.8698094883003821 0.02023360949792722 0.7621736748316907 0.01307343225732127 0.3277122739588909
 0.3294764158594891 0.9916293133764646 0.02449829028845227 1.993855461932468 0.9289001418009541 0.02098460330229689 0.717957285253412 0.008265112461601762 0.3324796296749788
 0.3250260255222786 0.9915935988870769 0.02442919109317784 2.054420105239902 0.8824884737540171 0.02309821952365948 0.7144047025173748 0.004421754494551079 0.329128774984518
 0.3326159993810781 0.991604024631811 0.02714869356440161 2.017557996177205 0.9131022150853991 0.02096655005737997 0.6909826347174814 0.01195167713653577 0.3386007158184331
 0.3309395259148658 0.9899835165664679 0.02575969246033724 2.06432272773007 0.8836087557556868 0.02279282267670821 0.6801652936371932 0.006831712584407919 0.3318510599741291
 0.3269327369417777 0.9901990760856075 0.02514869966645306 2.068647100339998 0.9303527848600975 0.02247863187146061 0.6033061861921032 0.008148387497219951 0.3374979017642321
 0.3321348212436684 0.9930833626297965 0.02939417209436387 1.921890996399923 0.9259553457397092 0.02056892707976462 0.5612726762528164 0.007814978503012718 0.3437963861271058
 0.327080913079259 0.9909653737341755 0.02535995129212845 1.966401613458605 0.9292371675453327 0.02319978387900058 0.7141351149645393 0.01343273171483735 0.3297774309467141
 0.3257394989428683 0.9899140300424587 0.02643097354623472 1.689802235168107 0.8764039489088665 0.02055257441788551 0.5593524525544591 0.007549309931427987 0.3405377741125996
 0.3285089158764425 0.9907093225592132 0.02242686208522496 1.915104637387849 0.849666410569939 0.02590306648916665 0.6682254766038291 0.006512932938063151 0.3293601736409747
 0.3289812212811956 0.9915019761433823 0.02596261669940395 1.873680499229849 0.9374702337264013 0.01771254664570321 0.6976398809507587 0.01245244129667493 0.3343056217098547
 0.3354482581131399 0.9915555765686689 0.02476805741269916 1.888925695238719 0.9099125779486257 0.02190906875920229 0.7162292535413807 0.01448112824781823 0.3394392170658972
 0.3272722652882174 0.9930552940786307 0.02722287038338624 1.944863329539438 0.867497873901104 0.02147521468282167 0.65014738650635 0.01011161022871191 0.3388621052310893
 0.3278907783977046 0.98999201142563 0.02516273274934186 1.874670470344453 0.9073701766692094 0.01587014304382122 0.7986244186839673 0.01308874941949651 0.3418836321237939
 0.328552040511132 0.9897628648334142 0.02478200170067449 1.752319617216464 0.881058096728876 0.01668508987243781 0.757167668849165 0.01231854171856506 0.3366641212520065
 0.3284294477854086 0.9921223587330456 0.02378165551829955 2.113296790084149 0.8854152373163117 0.02783315463514306 0.6961431067263614 0.008397359477521113 0.3319060849828772
 0.3324192703451597 0.9915880985878465 0.02563932877310144 2.076523800320593 0.9114953236855651 0.02324792713617034 0.7136220679231428 0.01105730385668834 0.3348291704744827
 0.3306711330982244 0.9907998434926988 0.02551602136776626 2.192982556997115 0.9224071811448231 0.02500503640285232 0.7142380781212466 0.01278065024432983 0.3419884228953117
 0.3251520301860704 0.9916665290564937 0.03001611557970093 2.249380413667134 0.9410137555364565 0.0226538172903596 0.7337691454997775 0.01264464807830692 0.3419071698021467
 0.3256973478767165 0.9906229057816091 0.02556027442131753 2.239053448952291 0.9148199244059828 0.01737134473419207 0.6939237951070191 0.0113345273015526 0.3359971807831307
 0.3315381796461744 0.9920054335456948 0.02986876493666189 1.941859612052057 0.899590460476858 0.01932115268452239 0.6936112245038661 0.0103769840477267 0.3426320740638164
 0.3313062114841042 0.9890174840592167 0.02633798996450013 1.641491986543495 0.9244823955897273 0.0243862213118408 0.6317873780257641 0.01202951935472035 0.329990145902069
 0.3275488832844326 0.9901244650003705 0.0255964875796965 1.842289735204762 0.8660229317433685 0.01932757720167644 0.6226840049254956 0.009848124055744829 0.3352595238682606
 0.3265225099818908 0.9891181649078011 0.02448089112630358 1.987661184004418 0.8815584853932492 0.01861742961223448 0.6904792239386326 0.007326031244129855 0.329521498644585
